{
    "camera_angle_x": 0.5227599091661386,
    "camera_angle_y": 0.39872024692551256,
    "frames": [
        {
            "file_path": "images/0.png",
            "transform_matrix": [
                [
                    0.0,
                    0.0,
                    1.0,
                    4.0
                ],
                [
                    1.0,
                    0.0,
                    0.0,
                    0.0
                ],
                [
                    0.0,
                    1.0,
                    0.0,
                    0.0
                ],
                [
                    0.0,
                    0.0,
                    0.0,
                    1.0
                ]
            ]
        },
        {
            "file_path": "images/1.png",
            "transform_matrix": [
                [
                    -0.15643446504023087,
                    0.0,
                    0.9876883405951378,
                    3.950753362380551
                ],
                [
                    0.9876883405951378,
                    0.0,
                    0.15643446504023087,
                    0.6257378601609235
                ],
                [
                    0.0,
                    1.0,
                    0.0,
                    0.0
                ],
                [
                    0.0,
                    0.0,
                    0.0,
                    1.0
                ]
            ]
        },
        {
            "file_path": "images/2.png",
            "transform_matrix": [
                [
                    -0.30901699437494745,
                    0.0,
                    0.9510565162951536,
                    3.804226065180614
                ],
                [
                    0.9510565162951536,
                    0.0,
                    0.30901699437494745,
                    1.2360679774997896
                ],
                [
                    0.0,
                    1.0000000000000002,
                    0.0,
                    0.0
                ],
                [
                    0.0,
                    0.0,
                    0.0,
                    1.0
                ]
            ]
        },
        {
            "file_path": "images/3.png",
            "transform_matrix": [
                [
                    -0.45399049973954675,
                    0.0,
                    0.8910065241883679,
                    3.5640260967534716
                ],
                [
                    0.8910065241883679,
                    0.0,
                    0.45399049973954675,
                    1.815961998958187
                ],
                [
                    0.0,
                    1.0,
                    0.0,
                    0.0
                ],
                [
                    0.0,
                    0.0,
                    0.0,
                    1.0
                ]
            ]
        },
        {
            "file_path": "images/4.png",
            "transform_matrix": [
                [
                    -0.5877852522924731,
                    0.0,
                    0.8090169943749475,
                    3.23606797749979
                ],
                [
                    0.8090169943749475,
                    0.0,
                    0.5877852522924731,
                    2.3511410091698925
                ],
                [
                    0.0,
                    1.0,
                    0.0,
                    0.0
                ],
                [
                    0.0,
                    0.0,
                    0.0,
                    1.0
                ]
            ]
        },
        {
            "file_path": "images/5.png",
            "transform_matrix": [
                [
                    -0.7071067811865475,
                    0.0,
                    0.7071067811865476,
                    2.8284271247461903
                ],
                [
                    0.7071067811865476,
                    0.0,
                    0.7071067811865475,
                    2.82842712474619
                ],
                [
                    0.0,
                    1.0,
                    0.0,
                    0.0
                ],
                [
                    0.0,
                    0.0,
                    0.0,
                    1.0
                ]
            ]
        },
        {
            "file_path": "images/6.png",
            "transform_matrix": [
                [
                    -0.8090169943749475,
                    0.0,
                    0.5877852522924731,
                    2.3511410091698925
                ],
                [
                    0.5877852522924731,
                    0.0,
                    0.8090169943749475,
                    3.23606797749979
                ],
                [
                    0.0,
                    1.0,
                    0.0,
                    0.0
                ],
                [
                    0.0,
                    0.0,
                    0.0,
                    1.0
                ]
            ]
        },
        {
            "file_path": "images/7.png",
            "transform_matrix": [
                [
                    -0.8910065241883679,
                    0.0,
                    0.45399049973954686,
                    1.8159619989581872
                ],
                [
                    0.45399049973954686,
                    0.0,
                    0.8910065241883679,
                    3.564026096753471
                ],
                [
                    0.0,
                    1.0000000000000002,
                    0.0,
                    0.0
                ],
                [
                    0.0,
                    0.0,
                    0.0,
                    1.0
                ]
            ]
        },
        {
            "file_path": "images/8.png",
            "transform_matrix": [
                [
                    -0.9510565162951536,
                    0.0,
                    0.3090169943749475,
                    1.2360679774997898
                ],
                [
                    0.3090169943749475,
                    0.0,
                    0.9510565162951536,
                    3.804226065180614
                ],
                [
                    0.0,
                    1.0000000000000002,
                    0.0,
                    0.0
                ],
                [
                    0.0,
                    0.0,
                    0.0,
                    1.0
                ]
            ]
        },
        {
            "file_path": "images/9.png",
            "transform_matrix": [
                [
                    -0.9876883405951378,
                    0.0,
                    0.15643446504023092,
                    0.6257378601609237
                ],
                [
                    0.15643446504023092,
                    0.0,
                    0.9876883405951378,
                    3.950753362380551
                ],
                [
                    0.0,
                    1.0,
                    0.0,
                    0.0
                ],
                [
                    0.0,
                    0.0,
                    0.0,
                    1.0
                ]
            ]
        },
        {
            "file_path": "images/10.png",
            "transform_matrix": [
                [
                    -1.0,
                    0.0,
                    6.123233995736766e-17,
                    2.4492935982947064e-16
                ],
                [
                    6.123233995736766e-17,
                    0.0,
                    1.0,
                    4.0
                ],
                [
                    0.0,
                    1.0,
                    0.0,
                    0.0
                ],
                [
                    0.0,
                    0.0,
                    0.0,
                    1.0
                ]
            ]
        },
        {
            "file_path": "images/11.png",
            "transform_matrix": [
                [
                    -0.9876883405951378,
                    0.0,
                    -0.1564344650402308,
                    -0.6257378601609233
                ],
                [
                    -0.1564344650402308,
                    0.0,
                    0.9876883405951378,
                    3.950753362380551
                ],
                [
                    0.0,
                    1.0,
                    0.0,
                    0.0
                ],
                [
                    0.0,
                    0.0,
                    0.0,
                    1.0
                ]
            ]
        },
        {
            "file_path": "images/12.png",
            "transform_matrix": [
                [
                    -0.9510565162951536,
                    0.0,
                    -0.30901699437494734,
                    -1.2360679774997894
                ],
                [
                    -0.30901699437494734,
                    0.0,
                    0.9510565162951536,
                    3.8042260651806146
                ],
                [
                    0.0,
                    1.0,
                    0.0,
                    0.0
                ],
                [
                    0.0,
                    0.0,
                    0.0,
                    1.0
                ]
            ]
        },
        {
            "file_path": "images/13.png",
            "transform_matrix": [
                [
                    -0.8910065241883679,
                    0.0,
                    -0.4539904997395467,
                    -1.8159619989581868
                ],
                [
                    -0.4539904997395467,
                    0.0,
                    0.8910065241883679,
                    3.5640260967534716
                ],
                [
                    0.0,
                    1.0,
                    0.0,
                    0.0
                ],
                [
                    0.0,
                    0.0,
                    0.0,
                    1.0
                ]
            ]
        },
        {
            "file_path": "images/14.png",
            "transform_matrix": [
                [
                    -0.8090169943749476,
                    0.0,
                    -0.5877852522924731,
                    -2.351141009169892
                ],
                [
                    -0.5877852522924731,
                    0.0,
                    0.8090169943749476,
                    3.23606797749979
                ],
                [
                    0.0,
                    1.0000000000000002,
                    0.0,
                    0.0
                ],
                [
                    0.0,
                    0.0,
                    0.0,
                    1.0
                ]
            ]
        },
        {
            "file_path": "images/15.png",
            "transform_matrix": [
                [
                    -0.7071067811865476,
                    0.0,
                    -0.7071067811865475,
                    -2.82842712474619
                ],
                [
                    -0.7071067811865475,
                    0.0,
                    0.7071067811865476,
                    2.8284271247461903
                ],
                [
                    0.0,
                    1.0,
                    0.0,
                    0.0
                ],
                [
                    0.0,
                    0.0,
                    0.0,
                    1.0
                ]
            ]
        },
        {
            "file_path": "images/16.png",
            "transform_matrix": [
                [
                    -0.5877852522924732,
                    0.0,
                    -0.8090169943749473,
                    -3.2360679774997894
                ],
                [
                    -0.8090169943749473,
                    0.0,
                    0.5877852522924732,
                    2.351141009169893
                ],
                [
                    0.0,
                    1.0,
                    0.0,
                    0.0
                ],
                [
                    0.0,
                    0.0,
                    0.0,
                    1.0
                ]
            ]
        },
        {
            "file_path": "images/17.png",
            "transform_matrix": [
                [
                    -0.45399049973954686,
                    0.0,
                    -0.8910065241883678,
                    -3.564026096753471
                ],
                [
                    -0.8910065241883678,
                    0.0,
                    0.45399049973954686,
                    1.8159619989581874
                ],
                [
                    0.0,
                    1.0,
                    0.0,
                    0.0
                ],
                [
                    0.0,
                    0.0,
                    0.0,
                    1.0
                ]
            ]
        },
        {
            "file_path": "images/18.png",
            "transform_matrix": [
                [
                    -0.3090169943749475,
                    0.0,
                    -0.9510565162951535,
                    -3.804226065180614
                ],
                [
                    -0.9510565162951535,
                    0.0,
                    0.3090169943749475,
                    1.23606797749979
                ],
                [
                    0.0,
                    1.0,
                    0.0,
                    0.0
                ],
                [
                    0.0,
                    0.0,
                    0.0,
                    1.0
                ]
            ]
        },
        {
            "file_path": "images/19.png",
            "transform_matrix": [
                [
                    -0.156434465040231,
                    0.0,
                    -0.9876883405951378,
                    -3.9507533623805506
                ],
                [
                    -0.9876883405951378,
                    0.0,
                    0.156434465040231,
                    0.6257378601609239
                ],
                [
                    0.0,
                    1.0,
                    0.0,
                    0.0
                ],
                [
                    0.0,
                    0.0,
                    0.0,
                    1.0
                ]
            ]
        },
        {
            "file_path": "images/20.png",
            "transform_matrix": [
                [
                    -1.2246467991473532e-16,
                    0.0,
                    -1.0,
                    -4.0
                ],
                [
                    -1.0,
                    0.0,
                    1.2246467991473532e-16,
                    4.898587196589413e-16
                ],
                [
                    0.0,
                    1.0,
                    0.0,
                    0.0
                ],
                [
                    0.0,
                    0.0,
                    0.0,
                    1.0
                ]
            ]
        },
        {
            "file_path": "images/21.png",
            "transform_matrix": [
                [
                    0.15643446504023073,
                    0.0,
                    -0.9876883405951378,
                    -3.950753362380551
                ],
                [
                    -0.9876883405951378,
                    0.0,
                    -0.15643446504023073,
                    -0.6257378601609229
                ],
                [
                    0.0,
                    1.0,
                    0.0,
                    0.0
                ],
                [
                    0.0,
                    0.0,
                    0.0,
                    1.0
                ]
            ]
        },
        {
            "file_path": "images/22.png",
            "transform_matrix": [
                [
                    0.3090169943749473,
                    0.0,
                    -0.9510565162951536,
                    -3.8042260651806146
                ],
                [
                    -0.9510565162951536,
                    0.0,
                    -0.3090169943749473,
                    -1.2360679774997891
                ],
                [
                    0.0,
                    1.0,
                    0.0,
                    0.0
                ],
                [
                    0.0,
                    0.0,
                    0.0,
                    1.0
                ]
            ]
        },
        {
            "file_path": "images/23.png",
            "transform_matrix": [
                [
                    0.4539904997395467,
                    0.0,
                    -0.8910065241883679,
                    -3.5640260967534716
                ],
                [
                    -0.8910065241883679,
                    0.0,
                    -0.4539904997395467,
                    -1.8159619989581868
                ],
                [
                    0.0,
                    1.0,
                    0.0,
                    0.0
                ],
                [
                    0.0,
                    0.0,
                    0.0,
                    1.0
                ]
            ]
        },
        {
            "file_path": "images/24.png",
            "transform_matrix": [
                [
                    0.587785252292473,
                    0.0,
                    -0.8090169943749476,
                    -3.2360679774997902
                ],
                [
                    -0.8090169943749476,
                    0.0,
                    -0.587785252292473,
                    -2.351141009169892
                ],
                [
                    0.0,
                    1.0,
                    0.0,
                    0.0
                ],
                [
                    0.0,
                    0.0,
                    0.0,
                    1.0
                ]
            ]
        },
        {
            "file_path": "images/25.png",
            "transform_matrix": [
                [
                    0.7071067811865475,
                    0.0,
                    -0.7071067811865477,
                    -2.8284271247461907
                ],
                [
                    -0.7071067811865477,
                    0.0,
                    -0.7071067811865475,
                    -2.82842712474619
                ],
                [
                    0.0,
                    1.0,
                    0.0,
                    0.0
                ],
                [
                    0.0,
                    0.0,
                    0.0,
                    1.0
                ]
            ]
        },
        {
            "file_path": "images/26.png",
            "transform_matrix": [
                [
                    0.8090169943749473,
                    0.0,
                    -0.5877852522924732,
                    -2.351141009169893
                ],
                [
                    -0.5877852522924732,
                    0.0,
                    -0.8090169943749473,
                    -3.2360679774997894
                ],
                [
                    0.0,
                    1.0,
                    0.0,
                    0.0
                ],
                [
                    0.0,
                    0.0,
                    0.0,
                    1.0
                ]
            ]
        },
        {
            "file_path": "images/27.png",
            "transform_matrix": [
                [
                    0.8910065241883678,
                    0.0,
                    -0.4539904997395469,
                    -1.8159619989581877
                ],
                [
                    -0.4539904997395469,
                    0.0,
                    -0.8910065241883678,
                    -3.564026096753471
                ],
                [
                    0.0,
                    1.0,
                    0.0,
                    0.0
                ],
                [
                    0.0,
                    0.0,
                    0.0,
                    1.0
                ]
            ]
        },
        {
            "file_path": "images/28.png",
            "transform_matrix": [
                [
                    0.9510565162951535,
                    0.0,
                    -0.30901699437494756,
                    -1.2360679774997902
                ],
                [
                    -0.30901699437494756,
                    0.0,
                    -0.9510565162951535,
                    -3.804226065180614
                ],
                [
                    0.0,
                    1.0,
                    0.0,
                    0.0
                ],
                [
                    0.0,
                    0.0,
                    0.0,
                    1.0
                ]
            ]
        },
        {
            "file_path": "images/29.png",
            "transform_matrix": [
                [
                    0.9876883405951378,
                    0.0,
                    -0.15643446504023106,
                    -0.6257378601609241
                ],
                [
                    -0.15643446504023106,
                    0.0,
                    -0.9876883405951378,
                    -3.9507533623805506
                ],
                [
                    0.0,
                    1.0,
                    0.0,
                    0.0
                ],
                [
                    0.0,
                    0.0,
                    0.0,
                    1.0
                ]
            ]
        },
        {
            "file_path": "images/30.png",
            "transform_matrix": [
                [
                    1.0,
                    0.0,
                    -1.8369701987210297e-16,
                    -7.347880794884119e-16
                ],
                [
                    -1.8369701987210297e-16,
                    0.0,
                    -1.0,
                    -4.0
                ],
                [
                    0.0,
                    1.0,
                    0.0,
                    0.0
                ],
                [
                    0.0,
                    0.0,
                    0.0,
                    1.0
                ]
            ]
        },
        {
            "file_path": "images/31.png",
            "transform_matrix": [
                [
                    0.9876883405951378,
                    0.0,
                    0.15643446504023067,
                    0.6257378601609227
                ],
                [
                    0.15643446504023067,
                    0.0,
                    -0.9876883405951378,
                    -3.950753362380551
                ],
                [
                    0.0,
                    1.0,
                    0.0,
                    0.0
                ],
                [
                    0.0,
                    0.0,
                    0.0,
                    1.0
                ]
            ]
        },
        {
            "file_path": "images/32.png",
            "transform_matrix": [
                [
                    0.9510565162951536,
                    0.0,
                    0.30901699437494723,
                    1.236067977499789
                ],
                [
                    0.30901699437494723,
                    0.0,
                    -0.9510565162951536,
                    -3.8042260651806146
                ],
                [
                    0.0,
                    1.0,
                    0.0,
                    0.0
                ],
                [
                    0.0,
                    0.0,
                    0.0,
                    1.0
                ]
            ]
        },
        {
            "file_path": "images/33.png",
            "transform_matrix": [
                [
                    0.891006524188368,
                    0.0,
                    0.45399049973954664,
                    1.8159619989581866
                ],
                [
                    0.45399049973954664,
                    0.0,
                    -0.891006524188368,
                    -3.564026096753472
                ],
                [
                    0.0,
                    1.0,
                    0.0,
                    0.0
                ],
                [
                    0.0,
                    0.0,
                    0.0,
                    1.0
                ]
            ]
        },
        {
            "file_path": "images/34.png",
            "transform_matrix": [
                [
                    0.8090169943749476,
                    0.0,
                    0.5877852522924729,
                    2.3511410091698917
                ],
                [
                    0.5877852522924729,
                    0.0,
                    -0.8090169943749476,
                    -3.2360679774997902
                ],
                [
                    0.0,
                    1.0,
                    0.0,
                    0.0
                ],
                [
                    0.0,
                    0.0,
                    0.0,
                    1.0
                ]
            ]
        },
        {
            "file_path": "images/35.png",
            "transform_matrix": [
                [
                    0.7071067811865477,
                    0.0,
                    0.7071067811865474,
                    2.8284271247461894
                ],
                [
                    0.7071067811865474,
                    0.0,
                    -0.7071067811865477,
                    -2.8284271247461907
                ],
                [
                    0.0,
                    1.0,
                    0.0,
                    0.0
                ],
                [
                    0.0,
                    0.0,
                    0.0,
                    1.0
                ]
            ]
        },
        {
            "file_path": "images/36.png",
            "transform_matrix": [
                [
                    0.5877852522924734,
                    0.0,
                    0.8090169943749473,
                    3.2360679774997894
                ],
                [
                    0.8090169943749473,
                    0.0,
                    -0.5877852522924734,
                    -2.3511410091698934
                ],
                [
                    0.0,
                    1.0000000000000002,
                    0.0,
                    0.0
                ],
                [
                    0.0,
                    0.0,
                    0.0,
                    1.0
                ]
            ]
        },
        {
            "file_path": "images/37.png",
            "transform_matrix": [
                [
                    0.45399049973954697,
                    0.0,
                    0.8910065241883678,
                    3.564026096753471
                ],
                [
                    0.8910065241883678,
                    0.0,
                    -0.45399049973954697,
                    -1.8159619989581879
                ],
                [
                    0.0,
                    1.0,
                    0.0,
                    0.0
                ],
                [
                    0.0,
                    0.0,
                    0.0,
                    1.0
                ]
            ]
        },
        {
            "file_path": "images/38.png",
            "transform_matrix": [
                [
                    0.3090169943749476,
                    0.0,
                    0.9510565162951535,
                    3.804226065180614
                ],
                [
                    0.9510565162951535,
                    0.0,
                    -0.3090169943749476,
                    -1.2360679774997905
                ],
                [
                    0.0,
                    1.0,
                    0.0,
                    0.0
                ],
                [
                    0.0,
                    0.0,
                    0.0,
                    1.0
                ]
            ]
        },
        {
            "file_path": "images/39.png",
            "transform_matrix": [
                [
                    0.15643446504023115,
                    0.0,
                    0.9876883405951378,
                    3.9507533623805506
                ],
                [
                    0.9876883405951378,
                    0.0,
                    -0.15643446504023115,
                    -0.6257378601609245
                ],
                [
                    0.0,
                    1.0000000000000002,
                    0.0,
                    0.0
                ],
                [
                    0.0,
                    0.0,
                    0.0,
                    1.0
                ]
            ]
        }
    ]
}