{
    "camera_angle_x": 0.5227599091661386,
    "camera_angle_y": 0.39872024692551256,
    "frames": [
        {
            "file_path": "images/0.png",
            "transform_matrix": [
                [
                    0.0,
                    0.0,
                    1.0,
                    25.0
                ],
                [
                    0.0,
                    -1.0,
                    0.0,
                    0.0
                ],
                [
                    1.0,
                    0.0,
                    0.0,
                    0.0
                ],
                [
                    0.0,
                    0.0,
                    0.0,
                    1.0
                ]
            ]
        },
        {
            "file_path": "images/1.png",
            "transform_matrix": [
                [
                    -0.15643446504023087,
                    0.0,
                    0.9876883405951378,
                    24.692208514878445
                ],
                [
                    0.0,
                    -1.0,
                    0.0,
                    0.0
                ],
                [
                    0.9876883405951378,
                    0.0,
                    0.15643446504023087,
                    3.910861626005772
                ],
                [
                    0.0,
                    0.0,
                    0.0,
                    1.0
                ]
            ]
        },
        {
            "file_path": "images/2.png",
            "transform_matrix": [
                [
                    -0.30901699437494745,
                    0.0,
                    0.9510565162951536,
                    23.776412907378838
                ],
                [
                    0.0,
                    -1.0,
                    0.0,
                    0.0
                ],
                [
                    0.9510565162951536,
                    0.0,
                    0.30901699437494745,
                    7.7254248593736845
                ],
                [
                    0.0,
                    0.0,
                    0.0,
                    1.0
                ]
            ]
        },
        {
            "file_path": "images/3.png",
            "transform_matrix": [
                [
                    -0.45399049973954675,
                    0.0,
                    0.8910065241883679,
                    22.275163104709197
                ],
                [
                    0.0,
                    -1.0,
                    0.0,
                    0.0
                ],
                [
                    0.8910065241883679,
                    0.0,
                    0.45399049973954675,
                    11.349762493488669
                ],
                [
                    0.0,
                    0.0,
                    0.0,
                    1.0
                ]
            ]
        },
        {
            "file_path": "images/4.png",
            "transform_matrix": [
                [
                    -0.5877852522924731,
                    0.0,
                    0.8090169943749475,
                    20.225424859373685
                ],
                [
                    0.0,
                    -1.0,
                    0.0,
                    0.0
                ],
                [
                    0.8090169943749475,
                    0.0,
                    0.5877852522924731,
                    14.694631307311829
                ],
                [
                    0.0,
                    0.0,
                    0.0,
                    1.0
                ]
            ]
        },
        {
            "file_path": "images/5.png",
            "transform_matrix": [
                [
                    -0.7071067811865475,
                    0.0,
                    0.7071067811865477,
                    17.67766952966369
                ],
                [
                    0.0,
                    -1.0,
                    0.0,
                    0.0
                ],
                [
                    0.7071067811865477,
                    0.0,
                    0.7071067811865475,
                    17.677669529663685
                ],
                [
                    0.0,
                    0.0,
                    0.0,
                    1.0
                ]
            ]
        },
        {
            "file_path": "images/6.png",
            "transform_matrix": [
                [
                    -0.8090169943749475,
                    0.0,
                    0.5877852522924731,
                    14.694631307311829
                ],
                [
                    0.0,
                    -1.0,
                    0.0,
                    0.0
                ],
                [
                    0.5877852522924731,
                    0.0,
                    0.8090169943749475,
                    20.225424859373685
                ],
                [
                    0.0,
                    0.0,
                    0.0,
                    1.0
                ]
            ]
        },
        {
            "file_path": "images/7.png",
            "transform_matrix": [
                [
                    -0.8910065241883679,
                    0.0,
                    0.45399049973954686,
                    11.34976249348867
                ],
                [
                    0.0,
                    -1.0,
                    0.0,
                    0.0
                ],
                [
                    0.45399049973954686,
                    0.0,
                    0.8910065241883679,
                    22.275163104709193
                ],
                [
                    0.0,
                    0.0,
                    0.0,
                    1.0
                ]
            ]
        },
        {
            "file_path": "images/8.png",
            "transform_matrix": [
                [
                    -0.9510565162951536,
                    0.0,
                    0.3090169943749475,
                    7.725424859373686
                ],
                [
                    0.0,
                    -1.0,
                    0.0,
                    0.0
                ],
                [
                    0.3090169943749475,
                    0.0,
                    0.9510565162951536,
                    23.776412907378838
                ],
                [
                    0.0,
                    0.0,
                    0.0,
                    1.0
                ]
            ]
        },
        {
            "file_path": "images/9.png",
            "transform_matrix": [
                [
                    -0.9876883405951378,
                    0.0,
                    0.15643446504023092,
                    3.910861626005773
                ],
                [
                    0.0,
                    -1.0,
                    0.0,
                    0.0
                ],
                [
                    0.15643446504023092,
                    0.0,
                    0.9876883405951378,
                    24.692208514878445
                ],
                [
                    0.0,
                    0.0,
                    0.0,
                    1.0
                ]
            ]
        },
        {
            "file_path": "images/10.png",
            "transform_matrix": [
                [
                    -1.0,
                    0.0,
                    6.123233995736766e-17,
                    1.5308084989341915e-15
                ],
                [
                    0.0,
                    -1.0,
                    0.0,
                    0.0
                ],
                [
                    6.123233995736766e-17,
                    0.0,
                    1.0,
                    25.0
                ],
                [
                    0.0,
                    0.0,
                    0.0,
                    1.0
                ]
            ]
        },
        {
            "file_path": "images/11.png",
            "transform_matrix": [
                [
                    -0.9876883405951378,
                    0.0,
                    -0.1564344650402308,
                    -3.9108616260057705
                ],
                [
                    0.0,
                    -1.0,
                    0.0,
                    0.0
                ],
                [
                    -0.1564344650402308,
                    0.0,
                    0.9876883405951378,
                    24.692208514878445
                ],
                [
                    0.0,
                    0.0,
                    0.0,
                    1.0
                ]
            ]
        },
        {
            "file_path": "images/12.png",
            "transform_matrix": [
                [
                    -0.9510565162951536,
                    0.0,
                    -0.30901699437494734,
                    -7.725424859373684
                ],
                [
                    0.0,
                    -1.0,
                    0.0,
                    0.0
                ],
                [
                    -0.30901699437494734,
                    0.0,
                    0.9510565162951536,
                    23.77641290737884
                ],
                [
                    0.0,
                    0.0,
                    0.0,
                    1.0
                ]
            ]
        },
        {
            "file_path": "images/13.png",
            "transform_matrix": [
                [
                    -0.8910065241883679,
                    0.0,
                    -0.4539904997395467,
                    -11.349762493488667
                ],
                [
                    0.0,
                    -1.0,
                    0.0,
                    0.0
                ],
                [
                    -0.4539904997395467,
                    0.0,
                    0.8910065241883679,
                    22.275163104709197
                ],
                [
                    0.0,
                    0.0,
                    0.0,
                    1.0
                ]
            ]
        },
        {
            "file_path": "images/14.png",
            "transform_matrix": [
                [
                    -0.8090169943749476,
                    0.0,
                    -0.5877852522924731,
                    -14.694631307311825
                ],
                [
                    0.0,
                    -1.0,
                    0.0,
                    0.0
                ],
                [
                    -0.5877852522924731,
                    0.0,
                    0.8090169943749476,
                    20.225424859373685
                ],
                [
                    0.0,
                    0.0,
                    0.0,
                    1.0
                ]
            ]
        },
        {
            "file_path": "images/15.png",
            "transform_matrix": [
                [
                    -0.7071067811865477,
                    0.0,
                    -0.7071067811865475,
                    -17.677669529663685
                ],
                [
                    0.0,
                    -1.0,
                    0.0,
                    0.0
                ],
                [
                    -0.7071067811865475,
                    0.0,
                    0.7071067811865477,
                    17.67766952966369
                ],
                [
                    0.0,
                    0.0,
                    0.0,
                    1.0
                ]
            ]
        },
        {
            "file_path": "images/16.png",
            "transform_matrix": [
                [
                    -0.5877852522924732,
                    0.0,
                    -0.8090169943749473,
                    -20.225424859373682
                ],
                [
                    0.0,
                    -1.0,
                    0.0,
                    0.0
                ],
                [
                    -0.8090169943749473,
                    0.0,
                    0.5877852522924732,
                    14.69463130731183
                ],
                [
                    0.0,
                    0.0,
                    0.0,
                    1.0
                ]
            ]
        },
        {
            "file_path": "images/17.png",
            "transform_matrix": [
                [
                    -0.45399049973954697,
                    0.0,
                    -0.8910065241883679,
                    -22.275163104709193
                ],
                [
                    0.0,
                    -1.0,
                    0.0,
                    0.0
                ],
                [
                    -0.8910065241883679,
                    0.0,
                    0.45399049973954697,
                    11.349762493488672
                ],
                [
                    0.0,
                    0.0,
                    0.0,
                    1.0
                ]
            ]
        },
        {
            "file_path": "images/18.png",
            "transform_matrix": [
                [
                    -0.3090169943749475,
                    0.0,
                    -0.9510565162951535,
                    -23.776412907378838
                ],
                [
                    0.0,
                    -1.0,
                    0.0,
                    0.0
                ],
                [
                    -0.9510565162951535,
                    0.0,
                    0.3090169943749475,
                    7.725424859373688
                ],
                [
                    0.0,
                    0.0,
                    0.0,
                    1.0
                ]
            ]
        },
        {
            "file_path": "images/19.png",
            "transform_matrix": [
                [
                    -0.156434465040231,
                    0.0,
                    -0.9876883405951378,
                    -24.69220851487844
                ],
                [
                    0.0,
                    -1.0,
                    0.0,
                    0.0
                ],
                [
                    -0.9876883405951378,
                    0.0,
                    0.156434465040231,
                    3.9108616260057745
                ],
                [
                    0.0,
                    0.0,
                    0.0,
                    1.0
                ]
            ]
        },
        {
            "file_path": "images/20.png",
            "transform_matrix": [
                [
                    -1.2246467991473532e-16,
                    0.0,
                    -1.0,
                    -25.0
                ],
                [
                    0.0,
                    -1.0,
                    0.0,
                    0.0
                ],
                [
                    -1.0,
                    0.0,
                    1.2246467991473532e-16,
                    3.061616997868383e-15
                ],
                [
                    0.0,
                    0.0,
                    0.0,
                    1.0
                ]
            ]
        },
        {
            "file_path": "images/21.png",
            "transform_matrix": [
                [
                    0.15643446504023073,
                    0.0,
                    -0.9876883405951378,
                    -24.692208514878445
                ],
                [
                    0.0,
                    -1.0,
                    0.0,
                    0.0
                ],
                [
                    -0.9876883405951378,
                    0.0,
                    -0.15643446504023073,
                    -3.9108616260057683
                ],
                [
                    0.0,
                    0.0,
                    0.0,
                    1.0
                ]
            ]
        },
        {
            "file_path": "images/22.png",
            "transform_matrix": [
                [
                    0.3090169943749473,
                    0.0,
                    -0.9510565162951536,
                    -23.77641290737884
                ],
                [
                    0.0,
                    -1.0,
                    0.0,
                    0.0
                ],
                [
                    -0.9510565162951536,
                    0.0,
                    -0.3090169943749473,
                    -7.725424859373682
                ],
                [
                    0.0,
                    0.0,
                    0.0,
                    1.0
                ]
            ]
        },
        {
            "file_path": "images/23.png",
            "transform_matrix": [
                [
                    0.4539904997395467,
                    0.0,
                    -0.8910065241883679,
                    -22.275163104709197
                ],
                [
                    0.0,
                    -1.0,
                    0.0,
                    0.0
                ],
                [
                    -0.8910065241883679,
                    0.0,
                    -0.4539904997395467,
                    -11.349762493488667
                ],
                [
                    0.0,
                    0.0,
                    0.0,
                    1.0
                ]
            ]
        },
        {
            "file_path": "images/24.png",
            "transform_matrix": [
                [
                    0.587785252292473,
                    0.0,
                    -0.8090169943749476,
                    -20.22542485937369
                ],
                [
                    0.0,
                    -1.0,
                    0.0,
                    0.0
                ],
                [
                    -0.8090169943749476,
                    0.0,
                    -0.587785252292473,
                    -14.694631307311825
                ],
                [
                    0.0,
                    0.0,
                    0.0,
                    1.0
                ]
            ]
        },
        {
            "file_path": "images/25.png",
            "transform_matrix": [
                [
                    0.7071067811865475,
                    0.0,
                    -0.7071067811865477,
                    -17.677669529663692
                ],
                [
                    0.0,
                    -1.0,
                    0.0,
                    0.0
                ],
                [
                    -0.7071067811865477,
                    0.0,
                    -0.7071067811865475,
                    -17.677669529663685
                ],
                [
                    0.0,
                    0.0,
                    0.0,
                    1.0
                ]
            ]
        },
        {
            "file_path": "images/26.png",
            "transform_matrix": [
                [
                    0.8090169943749473,
                    0.0,
                    -0.5877852522924732,
                    -14.69463130731183
                ],
                [
                    0.0,
                    -1.0,
                    0.0,
                    0.0
                ],
                [
                    -0.5877852522924732,
                    0.0,
                    -0.8090169943749473,
                    -20.225424859373682
                ],
                [
                    0.0,
                    0.0,
                    0.0,
                    1.0
                ]
            ]
        },
        {
            "file_path": "images/27.png",
            "transform_matrix": [
                [
                    0.8910065241883679,
                    0.0,
                    -0.45399049973954697,
                    -11.349762493488672
                ],
                [
                    0.0,
                    -1.0,
                    0.0,
                    0.0
                ],
                [
                    -0.45399049973954697,
                    0.0,
                    -0.8910065241883679,
                    -22.275163104709193
                ],
                [
                    0.0,
                    0.0,
                    0.0,
                    1.0
                ]
            ]
        },
        {
            "file_path": "images/28.png",
            "transform_matrix": [
                [
                    0.9510565162951535,
                    0.0,
                    -0.30901699437494756,
                    -7.725424859373689
                ],
                [
                    0.0,
                    -1.0,
                    0.0,
                    0.0
                ],
                [
                    -0.30901699437494756,
                    0.0,
                    -0.9510565162951535,
                    -23.776412907378838
                ],
                [
                    0.0,
                    0.0,
                    0.0,
                    1.0
                ]
            ]
        },
        {
            "file_path": "images/29.png",
            "transform_matrix": [
                [
                    0.9876883405951378,
                    0.0,
                    -0.15643446504023106,
                    -3.910861626005776
                ],
                [
                    0.0,
                    -1.0,
                    0.0,
                    0.0
                ],
                [
                    -0.15643446504023106,
                    0.0,
                    -0.9876883405951378,
                    -24.69220851487844
                ],
                [
                    0.0,
                    0.0,
                    0.0,
                    1.0
                ]
            ]
        },
        {
            "file_path": "images/30.png",
            "transform_matrix": [
                [
                    1.0,
                    0.0,
                    -1.8369701987210297e-16,
                    -4.592425496802574e-15
                ],
                [
                    0.0,
                    -1.0,
                    0.0,
                    0.0
                ],
                [
                    -1.8369701987210297e-16,
                    0.0,
                    -1.0,
                    -25.0
                ],
                [
                    0.0,
                    0.0,
                    0.0,
                    1.0
                ]
            ]
        },
        {
            "file_path": "images/31.png",
            "transform_matrix": [
                [
                    0.9876883405951378,
                    0.0,
                    0.15643446504023067,
                    3.910861626005767
                ],
                [
                    0.0,
                    -1.0,
                    0.0,
                    0.0
                ],
                [
                    0.15643446504023067,
                    0.0,
                    -0.9876883405951378,
                    -24.692208514878445
                ],
                [
                    0.0,
                    0.0,
                    0.0,
                    1.0
                ]
            ]
        },
        {
            "file_path": "images/32.png",
            "transform_matrix": [
                [
                    0.9510565162951536,
                    0.0,
                    0.30901699437494723,
                    7.725424859373681
                ],
                [
                    0.0,
                    -1.0,
                    0.0,
                    0.0
                ],
                [
                    0.30901699437494723,
                    0.0,
                    -0.9510565162951536,
                    -23.77641290737884
                ],
                [
                    0.0,
                    0.0,
                    0.0,
                    1.0
                ]
            ]
        },
        {
            "file_path": "images/33.png",
            "transform_matrix": [
                [
                    0.891006524188368,
                    0.0,
                    0.4539904997395466,
                    11.349762493488665
                ],
                [
                    0.0,
                    -1.0,
                    0.0,
                    0.0
                ],
                [
                    0.4539904997395466,
                    0.0,
                    -0.891006524188368,
                    -22.2751631047092
                ],
                [
                    0.0,
                    0.0,
                    0.0,
                    1.0
                ]
            ]
        },
        {
            "file_path": "images/34.png",
            "transform_matrix": [
                [
                    0.8090169943749476,
                    0.0,
                    0.5877852522924729,
                    14.694631307311823
                ],
                [
                    0.0,
                    -1.0,
                    0.0,
                    0.0
                ],
                [
                    0.5877852522924729,
                    0.0,
                    -0.8090169943749476,
                    -20.22542485937369
                ],
                [
                    0.0,
                    0.0,
                    0.0,
                    1.0
                ]
            ]
        },
        {
            "file_path": "images/35.png",
            "transform_matrix": [
                [
                    0.7071067811865477,
                    0.0,
                    0.7071067811865475,
                    17.677669529663685
                ],
                [
                    0.0,
                    -1.0,
                    0.0,
                    0.0
                ],
                [
                    0.7071067811865475,
                    0.0,
                    -0.7071067811865477,
                    -17.677669529663692
                ],
                [
                    0.0,
                    0.0,
                    0.0,
                    1.0
                ]
            ]
        },
        {
            "file_path": "images/36.png",
            "transform_matrix": [
                [
                    0.5877852522924734,
                    0.0,
                    0.8090169943749472,
                    20.225424859373682
                ],
                [
                    0.0,
                    -1.0,
                    0.0,
                    0.0
                ],
                [
                    0.8090169943749472,
                    0.0,
                    -0.5877852522924734,
                    -14.694631307311834
                ],
                [
                    0.0,
                    0.0,
                    0.0,
                    1.0
                ]
            ]
        },
        {
            "file_path": "images/37.png",
            "transform_matrix": [
                [
                    0.45399049973954697,
                    0.0,
                    0.8910065241883678,
                    22.275163104709193
                ],
                [
                    0.0,
                    -1.0,
                    0.0,
                    0.0
                ],
                [
                    0.8910065241883678,
                    0.0,
                    -0.45399049973954697,
                    -11.349762493488674
                ],
                [
                    0.0,
                    0.0,
                    0.0,
                    1.0
                ]
            ]
        },
        {
            "file_path": "images/38.png",
            "transform_matrix": [
                [
                    0.3090169943749476,
                    0.0,
                    0.9510565162951535,
                    23.776412907378838
                ],
                [
                    0.0,
                    -1.0,
                    0.0,
                    0.0
                ],
                [
                    0.9510565162951535,
                    0.0,
                    -0.3090169943749476,
                    -7.725424859373691
                ],
                [
                    0.0,
                    0.0,
                    0.0,
                    1.0
                ]
            ]
        },
        {
            "file_path": "images/39.png",
            "transform_matrix": [
                [
                    0.15643446504023115,
                    0.0,
                    0.9876883405951378,
                    24.69220851487844
                ],
                [
                    0.0,
                    -1.0,
                    0.0,
                    0.0
                ],
                [
                    0.9876883405951378,
                    0.0,
                    -0.15643446504023115,
                    -3.910861626005778
                ],
                [
                    0.0,
                    0.0,
                    0.0,
                    1.0
                ]
            ]
        }
    ]
}